x =
    1.0000    0.1000    0.5000    0.0500    0.1000    1.0000
    0.9683    0.1563    0.5717    0.0738    0.1238    0.7028
    0.9802    0.2087    0.6908    0.1029    0.1454    0.7080
    0.9497    0.1804    0.6987    0.1019    0.1646    0.7282
    1.4138    0.3526    1.9937    0.1364    0.3487    2.0000
    0.6230    0.0961    1.8130    0.0100    0.0100    2.0000

    